0.823558
0.869776
0.282212
0.803867
0.576769
0.199928
0.29637
0.550149
0.915899
0.937644
0.691966
0.795276
0.254311
0.167226
0.880612
0.968026
0.844439
0.328661
0.363261
0.597903
0.619159
0.455663
0.131663
0.619492
0.571098
0.146983
0.898455
0.847219
0.426303
0.661415
0.968636
0.249861
0.531191
0.250848
0.0537281
0.10796
0.450776
0.350098
0.658109
0.366675
0.287742
0.350075
0.161951
0.542053
0.517301
0.0425632
0.510079
0.361739
0.371224
0.873339
0.959642
0.990383
0.329003
0.0913052
0.609874
0.9001
0.238288
0.50833
0.747319
0.664591
0.169745
0.715955
0.914452
0.700936
0.966803
0.96818
0.808896
0.417579
0.318278
0.467006
0.784254
0.60602
0.817081
0.946205
0.148073
0.334381
0.988768
0.658152
0.696121
0.359991
0.531491
0.655763
0.350374
0.860494
0.747068
0.960249
0.760595
0.985356
0.468578
0.507914
0.649947
0.638323
0.223869
0.564399
0.339259
0.190672
0.532579
0.148156
0.608251
0.850856
0.615162
0.392505
0.456876
0.432242
0.338709
0.604949
0.766624
0.327477
0.263101
0.462745
0.687469
0.794593
0.118508
0.0378427
0.655087
0.865576
0.998091
0.415682
0.850933
0.46667
0.923596
0.50088
0.104993
0.147465
0.065279
0.444252
0.338137
0.597858
0.592408
0.946388
0.448714
0.20757
0.338893
0.90559
0.639812
0.677602
0.51054
0.406436
0.00507903
0.773641
0.86918
0.692548
0.568233
0.987688
0.73039
0.22332
0.853264
0.728481
0.639002
0.704197
0.195151
0.562597
0.205077
0.300144
0.710062
0.270356
0.744396
0.0481988
0.868213
0.336804
0.994587
0.316927
0.544374
0.333479
0.222518
0.184186
0.0110813
0.733057
0.590622
0.0161604
0.506698
0.459802
0.708708
0.0749314
0.44749
0.439098
0.298252
0.300755
0.16758
0.937253
0.00495152
0.362731
0.499851
0.210028
0.662875
0.209912
0.480384
0.407271
0.258111
0.348598
0.744075
0.252698
0.665525
0.288449
0.586177
0.888043
0.472636
0.597259
0.6211
0.0632576
0.613419
0.127798
0.52306
0.322127
0.20273
0.97055
0.761225
0.500981
0.271305
0.928805
0.438235
0.276256
0.291535
0.938085
0.486285
0.95441
0.147998
0.966669
0.361681
0.406109
0.315267
0.105756
0.658807
0.980792
0.394205
0.244984
0.868835
0.866841
0.842243
0.489935
0.930098
0.455662
0.617733
0.453158
0.777789
0.820463
0.423709
0.539014
0.321444
0.695013
0.467819
0.759679
0.97127
0.759354
0.697764
0.457555
0.713764
0.845762
0.424224
0.0754445
0.251871
0.739491
0.1812
0.910677
0.720282
0.575405
0.155662
0.589117
0.442246
0.997904
0.079052
0.372344
0.453566
0.696785
0.825503
0.231355
0.517248
0.249211
0.770369
0.838692
0.944225
0.238187
0.598371
0.915495
0.997541
0.296136
0.373049
0.711305
0.141897
0.797273
0.78675
0.393768
0.536764
0.96795
0.304446
0.257046
0.543355
0.460107
0.846163
0.985601
0.458012
0.925215
0.357946
0.911578
0.622001
0.183448
0.142933
0.139249
0.43266
0.913302
0.977941
0.376884
0.151489
0.576313
0.292379
0.149031
0.872448
0.665428
0.860336
0.0143455
0.462701
0.647086
0.408114
0.999465
0.615036
0.712559
0.256512
0.158391
0.172666
0.102675
0.143993
0.630678
0.0278905
0.501938
0.542256
0.649891
0.685387
0.685188
0.78914
0.118046
0.59849
0.767081
0.49493
0.74998
0.343394
0.787309
0.89901
0.215842
0.452737
0.759346
0.230187
0.915439
0.406432
0.638301
0.914904
0.0214675
0.35086
0.171416
0.179859
0.523526
0.274091
0.323851
0.154204
0.301981
0.825789
0.69646
0.951872
0.511176
0.381648
0.741012
0.629223
0.980138
0.508093
0.124153
0.730118
0.851487
0.911462
0.629128
0.0673289
0.364199
0.388474
0.297516
0.279638
0.794906
0.935817
0.194542
0.816373
0.286677
0.365958
0.996232
0.810204
0.640048
0.320083
0.964408
0.94203
0.145873
0.660867
0.893902
0.657049
0.0425153
0.634914
0.286272
0.0226537
0.143008
0.410425
0.752772
0.994495
0.321887
0.3819
0.0618237
0.686086
0.770374
0.35934
0.965725
0.56528
0.295157
0.160267
0.381653
0.581835
0.526224
0.377885
0.392038
0.166273
0.697969
0.356446
0.108302
0.843841
0.0173132
0.00220445
0.50089
0.0598285
0.637119
0.787162
0.0824823
0.780127
0.197586
0.835254
0.774621
0.519473
0.217154
0.836445
0.20556
0.987528
0.195785
0.171285
0.552808
0.490942
0.331551
0.934461
0.0727772
0.857775
0.312347
0.464816
0.024048
0.0103151
0.821261
0.13235
0.854156
0.838575
0.134555
0.355046
0.898403
0.771674
0.142208
0.980885
0.5518
0.339794
0.816139
0.326421
0.859268
0.033293
0.162866
0.0648276
0.0208207
0.358651
0.236112
0.573628
0.849594
0.567663
0.508089
0.922371
0.425439
0.820436
0.387186
0.449487
0.830751
0.208448
0.581837
0.684907
0.0470226
0.716392
0.0399534
0.945426
0.488065
0.182161
0.926311
0.0398653
0.521956
0.742451
0.366287
0.381223
0.775744
0.529153
0.446051
0.796564
0.887804
0.682163
0.370193
0.737398
0.249826
0.878282
0.659769
0.675265
0.698718
0.0469555
0.124751
0.529469
0.255403
0.706588
0.214376
0.302426
0.42298
0.254329
0.247852
0.911045
0.436491
0.174163
0.95091
0.958446
0.916614
0.317197
0.339669
0.692357
0.84635
0.78572
0.488922
0.734154
0.467883
0.859114
0.471553
0.71771
0.737396
0.131322
0.392974
0.436114
0.178277
0.517726
0.965583
0.433681
0.224314
0.179959
0.736107
0.647294
0.434288
0.983959
0.558339
0.870779
0.158122
0.509249
0.829225
0.0747352
0.826446
0.168894
0.767093
0.672796
0.954614
0.256014
0.406951
0.422497
0.115128
0.878503
0.140207
0.852524
0.00982488
0.533181
0.288638
0.188102
0.0509072
0.254221
0.621783
0.275221
0.43418
0.357889
0.922515
0.868468
0.341848
0.480854
0.739246
0.49997
0.990103
0.568471
0.574705
0.816549
0.737365
0.341797
0.489345
0.691979
0.597811
0.896296
0.114476
0.71294
0.774799
0.254683
0.565464
0.784624
0.787865
0.854102
0.972726
0.838772
0.108323
0.594509
0.113993
0.542503
0.952398
0.0365082
0.41097
0.294246
0.517362
0.150217
0.794216
0.507465
0.718687
0.36892
0.324014
0.456052
0.710718
0.813359
0.148031
0.308529
0.709655
0.262508
0.0214686
0.484454
0.517191
0.586933
0.269077
0.305056
0.441035
0.241803
0.143828
0.549358
0.836312
0.257821
0.0918604
0.78871
0.294329
0.502831
0.0829558
0.811691
0.653047
0.877171
0.319156
0.371735
0.246092
0.64317
0.827787
0.956809
0.456529
0.975818
0.265338
0.166184
0.238326
0.286807
0.650638
0.755518
0.873739
0.919715
0.0605737
0.314774
0.161518
0.204402
0.864132
0.99783
0.462223
0.955992
0.786539
0.756553
0.458823
0.869495
0.568244
0.11187
0.746667
0.887401
0.483605
0.992758
0.530571
0.311392
0.949568
0.9871
0.287211
0.214906
0.153284
0.525537
0.501713
0.803922
0.281055
0.375452
0.723637
0.341628
0.690226
0.885155
0.54603
0.554358
0.882984
0.00825356
0.51035
0.669524
0.764806
0.969174
0.539019
0.333051
0.081044
0.285685
0.220451
0.564649
0.278444
0.751022
0.876042
0.228011
0.738122
0.163252
0.442917
0.891407
0.688789
0.94463
0.695328
0.969844
0.320082
0.418965
0.311473
0.0103088
0.30412
0.857503
0.564667
0.187104
0.865756
0.0750175
0.856628
0.630563
0.0441911
0.395647
0.963613
0.125235
0.681332
0.184064
0.689884
0.959776
0.935086
0.565926
0.187787
0.673209
0.729178
0.630704
0.564615
0.417968
0.575335
0.259944
0.387812
0.895417
0.678909
0.699284
0.905726
0.983029
0.556787
0.470393
0.170133
0.422544
0.54541
0.0267607
0.0531065
0.589601
0.422407
0.0167198
0.714837
0.103739
0.200784
0.404721
0.0635152
0.135871
0.970647
0.251302
0.809079
0.699825
0.882007
0.373695
0.117793
0.457341
0.633638
0.505605
0.352758
0.312547
0.204889
0.258484
0.295576
0.761677
0.728877
0.465709
0.184221
0.274287
0.49247
0.237327
0.863889
0.914877
0.254047
0.578725
0.0186167
0.454831
0.983446
0.0821319
0.590702
0.954093
0.333434
0.399781
0.653918
0.215441
0.773476
0.771711
0.672782
0.407114
0.277316
0.0255407
0.719662
0.482205
0.284025
0.0152379
0.243882
0.0129017
0.480947
0.428102
0.287189
0.973417
0.665429
0.151078
0.888294
0.919476
0.729803
0.906911
0.374307
0.713249
0.989043
0.965009
0.667342
0.322477
0.36479
0.32126
0.537919
0.138265
0.0929708
0.210701
0.545379
0.370287
0.236242
0.265041
0.852492
0.520267
0.280279
0.0963734
0.533168
0.761226
0.524476
0.820357
0.734643
0.189905
0.971435
0.622938
0.109381
0.701238
0.529849
0.483688
0.414487
0.518892
0.448697
0.0818286
0.841369
0.813487
0.403088
0.379288
0.951752
0.496059
0.589989
0.497132
0.866346
0.826231
0.762173
0.718837
0.346497
0.0424516
0.815211
0.879665
0.803678
0.339687
0.700022
0.538321
0.529592
0.671457
0.161259
0.638973
0.372695
0.691108
0.122661
0.787182
0.21
0.571359
0.86901
0.0513689
0.384845
0.272099
0.430657
0.336598
0.768158
0.0206456
0.833729
0.634504
0.846876
0.595902
0.353341
0.193373
0.638353
0.168552
0.0730386
0.442031
0.508239
0.773061
0.980352
0.0378302
0.444518
0.141611
0.676803
0.817213
0.832718
0.799465
0.604395
0.042718
0.370823
0.473405
0.0940868
0.755669
0.745503
0.524744
0.0922665
0.513661
0.545389
0.925996
0.148165
0.392265
0.521898
0.501506
0.585639
0.160251
0.670058
0.658677
0.602282
0.178296
0.431738
0.582634
0.216127
0.876256
0.724245
0.89293
0.693469
0.556963
0.692395
0.297864
0.599681
0.0632179
0.771269
0.693768
0.818887
0.516772
0.218512
0.911153
0.0304331
0.763901
0.837149
0.178598
0.156166
0.359046
0.680104
0.741805
0.519297
0.350162
0.400482
0.121579
0.528458
0.832221
0.704214
0.744585
0.708477
0.428459
0.637515
0.401946
0.985422
0.329909
0.69981
0.585104
0.393127
0.471079
0.278872
0.212014
0.987851
0.497384
0.123167
0.0182836
0.261285
0.960316
0.196882
0.417451
0.319362
0.876985
0.159256
0.5 , 897, 0.897
1440