1 , 1.00283e-35
2 , 1.17741e-35
3 , 1.38215e-35
4 , 1.62223e-35
5 , 1.90369e-35
6 , 2.23363e-35
7 , 2.62032e-35
8 , 3.07344e-35
9 , 3.60434e-35
10 , 4.22624e-35
11 , 4.95464e-35
12 , 5.80763e-35
13 , 6.80634e-35
14 , 7.9755e-35
15 , 9.34395e-35
16 , 1.09454e-34
17 , 1.28192e-34
18 , 1.50114e-34
19 , 1.75755e-34
20 , 2.05743e-34
21 , 2.40807e-34
22 , 2.81802e-34
23 , 3.29721e-34
24 , 3.85725e-34
25 , 4.51167e-34
26 , 5.27626e-34
27 , 6.16941e-34
28 , 7.21256e-34
29 , 8.43071e-34
30 , 9.85299e-34
31 , 1.15133e-33
32 , 1.34512e-33
33 , 1.57127e-33
34 , 1.83514e-33
35 , 2.14297e-33
36 , 2.50203e-33
37 , 2.92077e-33
38 , 3.40903e-33
39 , 3.97825e-33
40 , 4.64176e-33
41 , 5.41505e-33
42 , 6.31613e-33
43 , 7.36593e-33
44 , 8.58882e-33
45 , 1.00131e-32
46 , 1.16716e-32
47 , 1.36026e-32
48 , 1.58505e-32
49 , 1.84668e-32
50 , 2.15115e-32
51 , 2.5054e-32
52 , 2.91751e-32
53 , 3.39685e-32
54 , 3.95429e-32
55 , 4.60246e-32
56 , 5.35599e-32
57 , 6.23188e-32
58 , 7.24981e-32
59 , 8.43263e-32
60 , 9.80681e-32
61 , 1.14031e-31
62 , 1.3257e-31
63 , 1.54097e-31
64 , 1.79091e-31
65 , 2.08105e-31
66 , 2.4178e-31
67 , 2.80858e-31
68 , 3.26198e-31
69 , 3.78795e-31
70 , 4.39801e-31
71 , 5.10549e-31
72 , 5.92579e-31
73 , 6.87677e-31
74 , 7.97906e-31
75 , 9.25651e-31
76 , 1.07367e-30
77 , 1.24516e-30
78 , 1.4438e-30
79 , 1.67385e-30
80 , 1.94024e-30
81 , 2.24866e-30
82 , 2.60567e-30
83 , 3.01888e-30
84 , 3.49703e-30
85 , 4.05025e-30
86 , 4.69022e-30
87 , 5.43041e-30
88 , 6.2864e-30
89 , 7.27611e-30
90 , 8.42026e-30
91 , 9.74272e-30
92 , 1.1271e-29
93 , 1.30369e-29
94 , 1.50771e-29
95 , 1.74336e-29
96 , 2.01551e-29
97 , 2.32976e-29
98 , 2.69258e-29
99 , 3.11138e-29
100 , 3.59472e-29
101 , 4.15248e-29
102 , 4.79599e-29
103 , 5.53831e-29
104 , 6.39448e-29
105 , 7.3818e-29
106 , 8.52016e-29
107 , 9.83245e-29
108 , 1.1345e-28
109 , 1.30881e-28
110 , 1.50965e-28
111 , 1.74103e-28
112 , 2.00754e-28
113 , 2.31446e-28
114 , 2.66787e-28
115 , 3.07474e-28
116 , 3.54308e-28
117 , 4.08209e-28
118 , 4.70232e-28
119 , 5.41591e-28
120 , 6.23675e-28
121 , 7.18083e-28
122 , 8.26646e-28
123 , 9.51465e-28
124 , 1.09495e-27
125 , 1.25987e-27
126 , 1.44939e-27
127 , 1.66715e-27
128 , 1.91731e-27
129 , 2.20464e-27
130 , 2.53461e-27
131 , 2.9135e-27
132 , 3.34848e-27
133 , 3.84776e-27
134 , 4.42077e-27
135 , 5.07827e-27
136 , 5.83261e-27
137 , 6.69789e-27
138 , 7.69029e-27
139 , 8.82827e-27
140 , 1.0133e-26
141 , 1.16286e-26
142 , 1.33428e-26
143 , 1.53072e-26
144 , 1.75579e-26
145 , 2.01362e-26
146 , 2.30893e-26
147 , 2.64713e-26
148 , 3.03435e-26
149 , 3.47766e-26
150 , 3.98507e-26
151 , 4.56576e-26
152 , 5.23022e-26
153 , 5.99039e-26
154 , 6.85993e-26
155 , 7.85439e-26
156 , 8.99153e-26
157 , 1.02916e-25
158 , 1.17778e-25
159 , 1.34763e-25
160 , 1.54173e-25
161 , 1.76349e-25
162 , 2.01682e-25
163 , 2.30616e-25
164 , 2.63658e-25
165 , 3.01385e-25
166 , 3.44453e-25
167 , 3.93611e-25
168 , 4.49712e-25
169 , 5.13724e-25
170 , 5.86751e-25
171 , 6.70049e-25
172 , 7.65046e-25
173 , 8.7337e-25
174 , 9.96867e-25
175 , 1.13764e-24
176 , 1.29808e-24
177 , 1.4809e-24
178 , 1.6892e-24
179 , 1.92648e-24
180 , 2.19672e-24
181 , 2.50447e-24
182 , 2.85486e-24
183 , 3.25374e-24
184 , 3.70774e-24
185 , 4.2244e-24
186 , 4.81226e-24
187 , 5.48103e-24
188 , 6.24171e-24
189 , 7.10681e-24
190 , 8.09047e-24
191 , 9.20878e-24
192 , 1.04799e-23
193 , 1.19246e-23
194 , 1.35662e-23
195 , 1.54313e-23
196 , 1.75499e-23
197 , 1.99561e-23
198 , 2.26885e-23
199 , 2.57907e-23
200 , 2.93123e-23
201 , 3.33094e-23
202 , 3.78453e-23
203 , 4.29917e-23
204 , 4.88301e-23
205 , 5.54522e-23
206 , 6.2962e-23
207 , 7.14772e-23
208 , 8.11307e-23
209 , 9.20729e-23
210 , 1.04474e-22
211 , 1.18525e-22
212 , 1.34445e-22
213 , 1.52477e-22
214 , 1.729e-22
215 , 1.96027e-22
216 , 2.2221e-22
217 , 2.51849e-22
218 , 2.85395e-22
219 , 3.23356e-22
220 , 3.66306e-22
221 , 4.14893e-22
222 , 4.69848e-22
223 , 5.31995e-22
224 , 6.02263e-22
225 , 6.81702e-22
226 , 7.71493e-22
227 , 8.7297e-22
228 , 9.87634e-22
229 , 1.11718e-21
230 , 1.26351e-21
231 , 1.42878e-21
232 , 1.61539e-21
233 , 1.82605e-21
234 , 2.0638e-21
235 , 2.33205e-21
236 , 2.63462e-21
237 , 2.97581e-21
238 , 3.36047e-21
239 , 3.79413e-21
240 , 4.28313e-21
241 , 4.83485e-21
242 , 5.45796e-21
243 , 6.16265e-21
244 , 6.9609e-21
245 , 7.8665e-21
246 , 8.89483e-21
247 , 1.0062e-20
248 , 1.13834e-20
249 , 1.2871e-20
250 , 1.45306e-20
251 , 1.63579e-20
252 , 1.83367e-20
253 , 2.0439e-20
254 , 2.26325e-20
255 , 2.48968e-20
256 , 2.72534e-20
257 , 2.98108e-20
258 , 3.28242e-20
259 , 3.67632e-20
260 , 4.23745e-20
261 , 5.07172e-20
262 , 6.31445e-20
263 , 8.12023e-20
264 , 1.06425e-19
265 , 1.40027e-19
266 , 1.82539e-19
267 , 2.33457e-19
268 , 2.91087e-19
269 , 3.52746e-19
270 , 4.15579e-19
271 , 4.78159e-19
272 , 5.42982e-19
273 , 6.1977e-19
274 , 7.29244e-19
275 , 9.0677e-19
276 , 1.205e-18
277 , 1.69456e-18
278 , 2.46184e-18
279 , 3.6034e-18
280 , 5.21692e-18
281 , 7.38966e-18
282 , 1.0186e-17
283 , 1.36365e-17
284 , 1.77303e-17
285 , 2.24148e-17
286 , 2.76009e-17
287 , 3.31769e-17
288 , 3.90264e-17
289 , 4.50496e-17
290 , 5.11824e-17
291 , 5.74121e-17
292 , 6.37869e-17
293 , 7.04192e-17
294 , 7.74845e-17
295 , 8.5218e-17
296 , 9.39113e-17
297 , 1.0391e-16
298 , 1.1561e-16
299 , 1.29455e-16
300 , 1.45933e-16
301 , 1.6557e-16
302 , 1.88934e-16
303 , 2.16654e-16
304 , 2.49465e-16
305 , 2.88276e-16
306 , 3.34261e-16
307 , 3.88953e-16
308 , 4.54317e-16
309 , 5.32765e-16
310 , 6.27108e-16
311 , 7.4044e-16
312 , 8.75992e-16
313 , 1.037e-15
314 , 1.22667e-15
315 , 1.44824e-15
316 , 1.7052e-15
317 , 2.00162e-15
318 , 2.34238e-15
319 , 2.7334e-15
320 , 3.18162e-15
321 , 3.69471e-15
322 , 4.2807e-15
323 , 4.94754e-15
324 , 5.70286e-15
325 , 6.55391e-15
326 , 7.508e-15
327 , 8.57301e-15
328 , 9.75809e-15
329 , 1.1074e-14
330 , 1.25334e-14
331 , 1.41499e-14
332 , 1.5938e-14
333 , 1.7912e-14
334 , 2.00856e-14
335 , 2.2472e-14
336 , 2.50849e-14
337 , 2.79393e-14
338 , 3.10527e-14
339 , 3.44463e-14
340 , 3.81443e-14
341 , 4.21742e-14
342 , 4.65653e-14
343 , 5.13482e-14
344 , 5.65545e-14
345 , 6.22174e-14
346 , 6.83739e-14
347 , 7.50661e-14
348 , 8.23433e-14
349 , 9.02634e-14
350 , 9.88927e-14
351 , 1.08305e-13
352 , 1.18581e-13
353 , 1.29807e-13
354 , 1.42076e-13
355 , 1.55489e-13
356 , 1.70158e-13
357 , 1.86212e-13
358 , 2.03793e-13
359 , 2.23063e-13
360 , 2.442e-13
361 , 2.67398e-13
362 , 2.92865e-13
363 , 3.20821e-13
364 , 3.51504e-13
365 , 3.85172e-13
366 , 4.22106e-13
367 , 4.62619e-13
368 , 5.07055e-13
369 , 5.55788e-13
370 , 6.0922e-13
371 , 6.67781e-13
372 , 7.31926e-13
373 , 8.02143e-13
374 , 8.7896e-13
375 , 9.62954e-13
376 , 1.05476e-12
377 , 1.15506e-12
378 , 1.26462e-12
379 , 1.38426e-12
380 , 1.51484e-12
381 , 1.65731e-12
382 , 1.8127e-12
383 , 1.98211e-12
384 , 2.16676e-12
385 , 2.36801e-12
386 , 2.58733e-12
387 , 2.82633e-12
388 , 3.08676e-12
389 , 3.37052e-12
390 , 3.67966e-12
391 , 4.01642e-12
392 , 4.38323e-12
393 , 4.78277e-12
394 , 5.21796e-12
395 , 5.692e-12
396 , 6.20835e-12
397 , 6.77076e-12
398 , 7.38326e-12
399 , 8.05022e-12
400 , 8.77637e-12
401 , 9.56685e-12
402 , 1.04273e-11
403 , 1.13637e-11
404 , 1.23827e-11
405 , 1.34913e-11
406 , 1.46973e-11
407 , 1.60087e-11
408 , 1.74345e-11
409 , 1.89843e-11
410 , 2.06686e-11
411 , 2.24986e-11
412 , 2.44866e-11
413 , 2.66459e-11
414 , 2.89907e-11
415 , 3.15363e-11
416 , 3.42995e-11
417 , 3.72984e-11
418 , 4.05523e-11
419 , 4.40827e-11
420 , 4.79124e-11
421 , 5.20663e-11
422 , 5.65712e-11
423 , 6.1456e-11
424 , 6.67521e-11
425 , 7.24932e-11
426 , 7.87159e-11
427 , 8.54599e-11
428 , 9.27677e-11
429 , 1.00686e-10
430 , 1.09264e-10
431 , 1.18555e-10
432 , 1.28617e-10
433 , 1.39512e-10
434 , 1.51308e-10
435 , 1.64076e-10
436 , 1.77895e-10
437 , 1.92849e-10
438 , 2.09027e-10
439 , 2.26528e-10
440 , 2.45456e-10
441 , 2.65924e-10
442 , 2.88052e-10
443 , 3.11972e-10
444 , 3.37826e-10
445 , 3.65763e-10
446 , 3.95949e-10
447 , 4.28557e-10
448 , 4.63777e-10
449 , 5.01811e-10
450 , 5.4288e-10
451 , 5.87217e-10
452 , 6.35076e-10
453 , 6.86729e-10
454 , 7.42469e-10
455 , 8.0261e-10
456 , 8.67488e-10
457 , 9.37466e-10
458 , 1.01293e-09
459 , 1.09431e-09
460 , 1.18204e-09
461 , 1.27662e-09
462 , 1.37854e-09
463 , 1.48838e-09
464 , 1.60672e-09
465 , 1.7342e-09
466 , 1.87151e-09
467 , 2.01938e-09
468 , 2.17859e-09
469 , 2.34999e-09
470 , 2.53447e-09
471 , 2.73302e-09
472 , 2.94666e-09
473 , 3.1765e-09
474 , 3.42374e-09
475 , 3.68965e-09
476 , 3.97559e-09
477 , 4.28302e-09
478 , 4.61352e-09
479 , 4.96874e-09
480 , 5.35049e-09
481 , 5.76068e-09
482 , 6.20136e-09
483 , 6.67472e-09
484 , 7.18311e-09
485 , 7.72903e-09
486 , 8.31516e-09
487 , 8.94436e-09
488 , 9.6197e-09
489 , 1.03444e-08
490 , 1.1122e-08
491 , 1.19563e-08
492 , 1.28511e-08
493 , 1.38107e-08
494 , 1.48398e-08
495 , 1.5943e-08
496 , 1.71256e-08
497 , 1.8393e-08
498 , 1.97513e-08
499 , 2.12065e-08
500 , 2.27654e-08
501 , 2.44352e-08
502 , 2.62234e-08
503 , 2.81381e-08
504 , 3.01879e-08
505 , 3.23821e-08
506 , 3.47304e-08
507 , 3.72432e-08
508 , 3.99318e-08
509 , 4.28078e-08
510 , 4.58839e-08
511 , 4.91734e-08
512 , 5.26906e-08
513 , 5.64506e-08
514 , 6.04696e-08
515 , 6.47648e-08
516 , 6.93542e-08
517 , 7.42574e-08
518 , 7.94951e-08
519 , 8.50893e-08
520 , 9.10634e-08
521 , 9.74427e-08
522 , 1.04254e-07
523 , 1.11525e-07
524 , 1.19287e-07
525 , 1.27571e-07
526 , 1.36411e-07
527 , 1.45844e-07
528 , 1.55904e-07
529 , 1.66632e-07
530 , 1.78066e-07
531 , 1.90247e-07
532 , 2.03214e-07
533 , 2.17011e-07
534 , 2.31679e-07
535 , 2.47267e-07
536 , 2.63824e-07
537 , 2.81411e-07
538 , 3.001e-07
539 , 3.19979e-07
540 , 3.41158e-07
541 , 3.63774e-07
542 , 3.87993e-07
543 , 4.1401e-07
544 , 4.42046e-07
545 , 4.72337e-07
546 , 5.05112e-07
547 , 5.40574e-07
548 , 5.78861e-07
549 , 6.2001e-07
550 , 6.63917e-07
551 , 7.10306e-07
552 , 7.58709e-07
553 , 8.08475e-07
554 , 8.58808e-07
555 , 9.08854e-07
556 , 9.57836e-07
557 , 1.00523e-06
558 , 1.05098e-06
559 , 1.09574e-06
560 , 1.14108e-06
561 , 1.18966e-06
562 , 1.24529e-06
563 , 1.31291e-06
564 , 1.39827e-06
565 , 1.50758e-06
566 , 1.64687e-06
567 , 1.82121e-06
568 , 2.03394e-06
569 , 2.28587e-06
570 , 2.57463e-06
571 , 2.89436e-06
572 , 3.23574e-06
573 , 3.58653e-06
574 , 3.93254e-06
575 , 4.2591e-06
576 , 4.55265e-06
577 , 4.80254e-06
578 , 5.00252e-06
579 , 5.15175e-06
580 , 5.25526e-06
581 , 5.32342e-06
582 , 5.37076e-06
583 , 5.41411e-06
584 , 5.47036e-06
585 , 5.55431e-06
586 , 5.67699e-06
587 , 5.8448e-06
588 , 6.05969e-06
589 , 6.32044e-06
590 , 6.62481e-06
591 , 6.972e-06
592 , 7.36512e-06
593 , 7.81271e-06
594 , 8.32914e-06
595 , 8.93348e-06
596 , 9.64699e-06
597 , 1.04896e-05
598 , 1.14765e-05
599 , 1.26146e-05
600 , 1.39017e-05
601 , 1.53265e-05
602 , 1.68712e-05
603 , 1.85157e-05
604 , 2.02425e-05
605 , 2.20414e-05
606 , 2.39119e-05
607 , 2.58639e-05
608 , 2.79156e-05
609 , 3.00881e-05
610 , 3.24001e-05
611 , 3.48617e-05
612 , 3.74706e-05
613 , 4.0211e-05
614 , 4.30563e-05
615 , 4.59743e-05
616 , 4.89348e-05
617 , 5.1916e-05
618 , 5.49098e-05
619 , 5.79229e-05
620 , 6.09736e-05
621 , 6.40857e-05
622 , 6.72805e-05
623 , 7.05688e-05
624 , 7.39463e-05
625 , 7.73931e-05
626 , 8.08782e-05
627 , 8.4367e-05
628 , 8.78304e-05
629 , 9.12526e-05
630 , 9.46344e-05
631 , 9.79923e-05
632 , 0.000101352
633 , 0.000104739
634 , 0.000108169
635 , 0.000111644
636 , 0.000115147
637 , 0.00011865
638 , 0.000122121
639 , 0.000125531
640 , 0.00012887
641 , 0.000132142
642 , 0.000135367
643 , 0.000138575
644 , 0.000141789
645 , 0.000145022
646 , 0.00014827
647 , 0.000151514
648 , 0.000154724
649 , 0.000157872
650 , 0.000160941
651 , 0.000163932
652 , 0.000166861
653 , 0.000169755
654 , 0.00017264
655 , 0.000175532
656 , 0.000178432
657 , 0.000181321
658 , 0.000184174
659 , 0.000186966
660 , 0.000189681
661 , 0.000192321
662 , 0.000194904
663 , 0.000197456
664 , 0.0002
665 , 0.000202551
666 , 0.000205104
667 , 0.000207641
668 , 0.000210137
669 , 0.00021257
670 , 0.000214933
671 , 0.000217234
672 , 0.000219494
673 , 0.000221739
674 , 0.000223987
675 , 0.000226243
676 , 0.000228494
677 , 0.000230718
678 , 0.000232894
679 , 0.000235008
680 , 0.000237064
681 , 0.000239081
682 , 0.000241081
683 , 0.000243085
684 , 0.0002451
685 , 0.000247116
686 , 0.000249113
687 , 0.000251071
688 , 0.000252976
689 , 0.00025483
690 , 0.000256651
691 , 0.000258461
692 , 0.000260279
693 , 0.000262111
694 , 0.000263946
695 , 0.000265764
696 , 0.000267547
697 , 0.000269284
698 , 0.000270979
699 , 0.000272652
700 , 0.000274323
701 , 0.000276009
702 , 0.00027771
703 , 0.000279412
704 , 0.000281097
705 , 0.000282746
706 , 0.000284355
707 , 0.000285935
708 , 0.000287506
709 , 0.000289088
710 , 0.000290689
711 , 0.000292304
712 , 0.000293915
713 , 0.000295502
714 , 0.000297054
715 , 0.000298577
716 , 0.000300087
717 , 0.000301604
718 , 0.000303142
719 , 0.000304701
720 , 0.000306266
721 , 0.000307816
722 , 0.000309339
723 , 0.000310834
724 , 0.000312315
725 , 0.000313803
726 , 0.000315314
727 , 0.00031685
728 , 0.000318398
729 , 0.000319939
730 , 0.000321458
731 , 0.000322952
732 , 0.000324435
733 , 0.000325928
734 , 0.000327446
735 , 0.000328993
736 , 0.000330557
737 , 0.000332118
738 , 0.00033366
739 , 0.000335183
740 , 0.000336699
741 , 0.00033823
742 , 0.000339791
743 , 0.000341385
744 , 0.000342999
745 , 0.000344611
746 , 0.000346209
747 , 0.000347792
748 , 0.000349377
749 , 0.000350984
750 , 0.000352629
751 , 0.000354309
752 , 0.00035601
753 , 0.000357711
754 , 0.0003594
755 , 0.000361082
756 , 0.000362777
757 , 0.000364507
758 , 0.000366281
759 , 0.000368094
760 , 0.000369926
761 , 0.000371758
762 , 0.000373584
763 , 0.000375416
764 , 0.000377276
765 , 0.000379183
766 , 0.000381143
767 , 0.000383143
768 , 0.00038516
769 , 0.000387178
770 , 0.000389201
771 , 0.000391248
772 , 0.000393343
773 , 0.0003955
774 , 0.000397715
775 , 0.000399968
776 , 0.000402238
777 , 0.000404517
778 , 0.000406819
779 , 0.00040917
780 , 0.000411592
781 , 0.00041409
782 , 0.000416648
783 , 0.000419241
784 , 0.000421856
785 , 0.000424498
786 , 0.000427194
787 , 0.00042997
788 , 0.00043284
789 , 0.000435794
790 , 0.000438807
791 , 0.000441859
792 , 0.000444951
793 , 0.000448104
794 , 0.000451351
795 , 0.000454713
796 , 0.000458186
797 , 0.000461747
798 , 0.00046537
799 , 0.000469051
800 , 0.000472809
801 , 0.000476681
802 , 0.000480694
803 , 0.00048485
804 , 0.000489127
805 , 0.000493499
806 , 0.000497954
807 , 0.000502512
808 , 0.00050721
809 , 0.000512084
810 , 0.000517142
811 , 0.000522364
812 , 0.000527719
813 , 0.000533194
814 , 0.000538807
815 , 0.000544601
816 , 0.000550616
817 , 0.000556868
818 , 0.000563336
819 , 0.000569988
820 , 0.00057681
821 , 0.000583819
822 , 0.000591063
823 , 0.000598592
824 , 0.000606424
825 , 0.000614541
826 , 0.000622908
827 , 0.000631508
828 , 0.000640365
829 , 0.000649533
830 , 0.000659069
831 , 0.000668995
832 , 0.000679294
833 , 0.000689928
834 , 0.000700883
835 , 0.000712186
836 , 0.000723902
837 , 0.000736098
838 , 0.000748798
839 , 0.000761982
840 , 0.000775614
841 , 0.000789679
842 , 0.000804218
843 , 0.000819308
844 , 0.000835022
845 , 0.000851389
846 , 0.000868386
847 , 0.000885972
848 , 0.000904144
849 , 0.000922955
850 , 0.000942499
851 , 0.000962857
852 , 0.000984058
853 , 0.00100607
854 , 0.00102887
855 , 0.00105244
856 , 0.00107688
857 , 0.00110228
858 , 0.00112875
859 , 0.00115629
860 , 0.00118489
861 , 0.00121451
862 , 0.00124517
863 , 0.00127698
864 , 0.00131006
865 , 0.00134451
866 , 0.00138035
867 , 0.00141755
868 , 0.00145607
869 , 0.00149597
870 , 0.00153738
871 , 0.00158047
872 , 0.00162531
873 , 0.00167193
874 , 0.00172027
875 , 0.00177033
876 , 0.00182221
877 , 0.00187608
878 , 0.0019321
879 , 0.00199037
880 , 0.00205088
881 , 0.00211358
882 , 0.00217851
883 , 0.00224582
884 , 0.0023157
885 , 0.00238834
886 , 0.00246381
887 , 0.00254209
888 , 0.00262316
889 , 0.00270709
890 , 0.00279408
891 , 0.00288439
892 , 0.00297818
893 , 0.0030755
894 , 0.00317633
895 , 0.00328067
896 , 0.00338867
897 , 0.00350059
898 , 0.0036167
899 , 0.00373715
900 , 0.00386198
901 , 0.00399114
902 , 0.00412471
903 , 0.00426291
904 , 0.00440606
905 , 0.00455444
906 , 0.00470817
907 , 0.00486725
908 , 0.00503166
909 , 0.00520157
910 , 0.00537728
911 , 0.00555915
912 , 0.00574746
913 , 0.00594226
914 , 0.00614353
915 , 0.00635134
916 , 0.00656594
917 , 0.00678772
918 , 0.00701707
919 , 0.00725418
920 , 0.00749909
921 , 0.00775178
922 , 0.00801242
923 , 0.00828136
924 , 0.00855907
925 , 0.0088459
926 , 0.00914198
927 , 0.0094473
928 , 0.0097619
929 , 0.0100861
930 , 0.0104203
931 , 0.0107651
932 , 0.0111206
933 , 0.0114871
934 , 0.0118643
935 , 0.0122526
936 , 0.0126523
937 , 0.013064
938 , 0.0134881
939 , 0.0139248
940 , 0.014374
941 , 0.0148359
942 , 0.0153107
943 , 0.015799
944 , 0.0163014
945 , 0.0168182
946 , 0.0173493
947 , 0.0178949
948 , 0.0184551
949 , 0.0190303
950 , 0.0196212
951 , 0.0202283
952 , 0.0208518
953 , 0.0214916
954 , 0.0221477
955 , 0.0228205
956 , 0.0235107
957 , 0.0242188
958 , 0.0249452
959 , 0.02569
960 , 0.0264529
961 , 0.0272343
962 , 0.0280346
963 , 0.0288547
964 , 0.0296949
965 , 0.0305554
966 , 0.0314361
967 , 0.032337
968 , 0.0332585
969 , 0.0342013
970 , 0.0351661
971 , 0.0361531
972 , 0.0371623
973 , 0.0381934
974 , 0.0392469
975 , 0.0403232
976 , 0.0414231
977 , 0.0425471
978 , 0.0436952
979 , 0.0448671
980 , 0.0460628
981 , 0.047283
982 , 0.0485282
983 , 0.0497992
984 , 0.051096
985 , 0.0524184
986 , 0.0537663
987 , 0.05514
988 , 0.0565402
989 , 0.0579675
990 , 0.0594223
991 , 0.0609044
992 , 0.0624136
993 , 0.0639498
994 , 0.0655137
995 , 0.0671061
996 , 0.0687273
997 , 0.0703775
998 , 0.0720561
999 , 0.0737631
1000 , 0.0754988
1001 , 0.077264
1002 , 0.0790594
1003 , 0.0808849
1004 , 0.0827403
1005 , 0.0846253
1006 , 0.0865399
1007 , 0.088485
1008 , 0.090461
1009 , 0.0924685
1010 , 0.094507
1011 , 0.0965762
1012 , 0.0986759
1013 , 0.100807
1014 , 0.102969
1015 , 0.105164
1016 , 0.107391
1017 , 0.10965
1018 , 0.11194
1019 , 0.114261
1020 , 0.116615
1021 , 0.119002
1022 , 0.121421
1023 , 0.123873
1024 , 0.126358
1025 , 0.128874
1026 , 0.131422
1027 , 0.134004
1028 , 0.13662
1029 , 0.139269
1030 , 0.14195
1031 , 0.144663
1032 , 0.147409
1033 , 0.150189
1034 , 0.153002
1035 , 0.155849
1036 , 0.158728
1037 , 0.16164
1038 , 0.164585
1039 , 0.167562
1040 , 0.170574
1041 , 0.173619
1042 , 0.176697
1043 , 0.179807
1044 , 0.18295
1045 , 0.186125
1046 , 0.189333
1047 , 0.192575
1048 , 0.19585
1049 , 0.199156
1050 , 0.202494
1051 , 0.205864
1052 , 0.209266
1053 , 0.212702
1054 , 0.216169
1055 , 0.219667
1056 , 0.223195
1057 , 0.226755
1058 , 0.230346
1059 , 0.233968
1060 , 0.237621
1061 , 0.241305
1062 , 0.245017
1063 , 0.248758
1064 , 0.25253
1065 , 0.256331
1066 , 0.260161
1067 , 0.264019
1068 , 0.267905
1069 , 0.271818
1070 , 0.275759
1071 , 0.279726
1072 , 0.283722
1073 , 0.287743
1074 , 0.291789
1075 , 0.29586
1076 , 0.299955
1077 , 0.304075
1078 , 0.30822
1079 , 0.312388
1080 , 0.316578
1081 , 0.320789
1082 , 0.325021
1083 , 0.329275
1084 , 0.333551
1085 , 0.337846
1086 , 0.34216
1087 , 0.346492
1088 , 0.350841
1089 , 0.355207
1090 , 0.359591
1091 , 0.363992
1092 , 0.368407
1093 , 0.372836
1094 , 0.377278
1095 , 0.381733
1096 , 0.386201
1097 , 0.390681
1098 , 0.395171
1099 , 0.399671
1100 , 0.404179
1101 , 0.408695
1102 , 0.413221
1103 , 0.417754
1104 , 0.422293
1105 , 0.426838
1106 , 0.431386
1107 , 0.435939
1108 , 0.440495
1109 , 0.445055
1110 , 0.449615
1111 , 0.454175
1112 , 0.458734
1113 , 0.46329
1114 , 0.467845
1115 , 0.472397
1116 , 0.476947
1117 , 0.481492
1118 , 0.486033
1119 , 0.49057
1120 , 0.495103
1121 , 0.499631
1122 , 0.504155
1123 , 0.50867
1124 , 0.513177
1125 , 0.517673
1126 , 0.522157
1127 , 0.526628
1128 , 0.531085
1129 , 0.535527
1130 , 0.539952
1131 , 0.544361
1132 , 0.548756
1133 , 0.553137
1134 , 0.557507
1135 , 0.561863
1136 , 0.566206
1137 , 0.570536
1138 , 0.57485
1139 , 0.579149
1140 , 0.58343
1141 , 0.58769
1142 , 0.591927
1143 , 0.596139
1144 , 0.600327
1145 , 0.604491
1146 , 0.608631
1147 , 0.612747
1148 , 0.616839
1149 , 0.620906
1150 , 0.62495
1151 , 0.628971
1152 , 0.632968
1153 , 0.63694
1154 , 0.640886
1155 , 0.644806
1156 , 0.6487
1157 , 0.65257
1158 , 0.656415
1159 , 0.660237
1160 , 0.664033
1161 , 0.667803
1162 , 0.671547
1163 , 0.675264
1164 , 0.678952
1165 , 0.68261
1166 , 0.686236
1167 , 0.68983
1168 , 0.693392
1169 , 0.696923
1170 , 0.700424
1171 , 0.703894
1172 , 0.707334
1173 , 0.710742
1174 , 0.714118
1175 , 0.717464
1176 , 0.720778
1177 , 0.724061
1178 , 0.727312
1179 , 0.730532
1180 , 0.733721
1181 , 0.736881
1182 , 0.740012
1183 , 0.743114
1184 , 0.746186
1185 , 0.749227
1186 , 0.752236
1187 , 0.755212
1188 , 0.758156
1189 , 0.761067
1190 , 0.763944
1191 , 0.766787
1192 , 0.769596
1193 , 0.772371
1194 , 0.775112
1195 , 0.777817
1196 , 0.780485
1197 , 0.783115
1198 , 0.785707
1199 , 0.788262
1200 , 0.79078
1201 , 0.793262
1202 , 0.795707
1203 , 0.798117
1204 , 0.800491
1205 , 0.80283
1206 , 0.805135
1207 , 0.807405
1208 , 0.80964
1209 , 0.811841
1210 , 0.814008
1211 , 0.816145
1212 , 0.818251
1213 , 0.820327
1214 , 0.822373
1215 , 0.824389
1216 , 0.826374
1217 , 0.82833
1218 , 0.830257
1219 , 0.832155
1220 , 0.834023
1221 , 0.835863
1222 , 0.837674
1223 , 0.839457
1224 , 0.841212
1225 , 0.842939
1226 , 0.844636
1227 , 0.846303
1228 , 0.847939
1229 , 0.849547
1230 , 0.851126
1231 , 0.852676
1232 , 0.854197
1233 , 0.855688
1234 , 0.857151
1235 , 0.858584
1236 , 0.859989
1237 , 0.861364
1238 , 0.86271
1239 , 0.864028
1240 , 0.865318
1241 , 0.866582
1242 , 0.867819
1243 , 0.86903
1244 , 0.870215
1245 , 0.871374
1246 , 0.872507
1247 , 0.873616
1248 , 0.8747
1249 , 0.875762
1250 , 0.876801
1251 , 0.877819
1252 , 0.878814
1253 , 0.879789
1254 , 0.880743
1255 , 0.881677
1256 , 0.882591
1257 , 0.883485
1258 , 0.88436
1259 , 0.885217
1260 , 0.886058
1261 , 0.886881
1262 , 0.887687
1263 , 0.888476
1264 , 0.889248
1265 , 0.890003
1266 , 0.890743
1267 , 0.891467
1268 , 0.892176
1269 , 0.892869
1270 , 0.893548
1271 , 0.894212
1272 , 0.894861
1273 , 0.895495
1274 , 0.896115
1275 , 0.89672
1276 , 0.89731
1277 , 0.897887
1278 , 0.898451
1279 , 0.899001
1280 , 0.899537
1281 , 0.90006
1282 , 0.900568
1283 , 0.901064
1284 , 0.901546
1285 , 0.902016
1286 , 0.902473
1287 , 0.902918
1288 , 0.903351
1289 , 0.903771
1290 , 0.90418
1291 , 0.904577
1292 , 0.904962
1293 , 0.905336
1294 , 0.905699
1295 , 0.906052
1296 , 0.906395
1297 , 0.906727
1298 , 0.90705
1299 , 0.907362
1300 , 0.907665
1301 , 0.907959
1302 , 0.908244
1303 , 0.908521
1304 , 0.908789
1305 , 0.909049
1306 , 0.909302
1307 , 0.909547
1308 , 0.909784
1309 , 0.910014
1310 , 0.910236
1311 , 0.910452
1312 , 0.910662
1313 , 0.910865
1314 , 0.911062
1315 , 0.911254
1316 , 0.911439
1317 , 0.911618
1318 , 0.911791
1319 , 0.91196
1320 , 0.912123
1321 , 0.912281
1322 , 0.912435
1323 , 0.912583
1324 , 0.912727
1325 , 0.912866
1326 , 0.913001
1327 , 0.913132
1328 , 0.913258
1329 , 0.91338
1330 , 0.913499
1331 , 0.913614
1332 , 0.913725
1333 , 0.913832
1334 , 0.913936
1335 , 0.914037
1336 , 0.914134
1337 , 0.914228
1338 , 0.914319
1339 , 0.914407
1340 , 0.914493
1341 , 0.914575
1342 , 0.914655
1343 , 0.914732
1344 , 0.914806
1345 , 0.914878
1346 , 0.914948
1347 , 0.915015
1348 , 0.91508
1349 , 0.915143
1350 , 0.915203
1351 , 0.915262
1352 , 0.915318
1353 , 0.915373
1354 , 0.915425
1355 , 0.915476
1356 , 0.915526
1357 , 0.915573
1358 , 0.915618
1359 , 0.915662
1360 , 0.915704
1361 , 0.915745
1362 , 0.915784
1363 , 0.915821
1364 , 0.915858
1365 , 0.915892
1366 , 0.915926
1367 , 0.915957
1368 , 0.915988
1369 , 0.916018
1370 , 0.916046
1371 , 0.916073
1372 , 0.916099
1373 , 0.916123
1374 , 0.916147
1375 , 0.91617
1376 , 0.916191
1377 , 0.916212
1378 , 0.916231
1379 , 0.91625
1380 , 0.916268
1381 , 0.916285
1382 , 0.916302
1383 , 0.916317
1384 , 0.916332
1385 , 0.916346
1386 , 0.916359
1387 , 0.916372
1388 , 0.916384
1389 , 0.916396
1390 , 0.916407
1391 , 0.916417
1392 , 0.916427
1393 , 0.916436
1394 , 0.916445
1395 , 0.916454
1396 , 0.916462
1397 , 0.91647
1398 , 0.916477
1399 , 0.916484
1400 , 0.916491
1401 , 0.916497
1402 , 0.916503
1403 , 0.916509
1404 , 0.916514
1405 , 0.916519
1406 , 0.916524
1407 , 0.916528
1408 , 0.916533
1409 , 0.916537
1410 , 0.91654
1411 , 0.916544
1412 , 0.916548
1413 , 0.916551
1414 , 0.916554
1415 , 0.916557
1416 , 0.916559
1417 , 0.916562
1418 , 0.916564
1419 , 0.916567
1420 , 0.916569
1421 , 0.916571
1422 , 0.916572
1423 , 0.916574
1424 , 0.916576
1425 , 0.916577
1426 , 0.916578
1427 , 0.91658
1428 , 0.916581
1429 , 0.916582
1430 , 0.916583
1431 , 0.916583
1432 , 0.916584
1433 , 0.916585
1434 , 0.916585
1435 , 0.916586
1436 , 0.916586
1437 , 0.916586
1438 , 0.916586
1439 , 0.916587
1440 , 0.916587
2999 , 0.916587

----------------------------
El maximo es: 0.916587
Se da para: 1440
