0 , 0.898532
1 , 0.898532
2 , 0.898532
3 , 0.898532
4 , 0.898532
5 , 0.898532
6 , 0.898532
7 , 0.898532
8 , 0.898532
9 , 0.898532
10 , 0.898532
11 , 0.898532
12 , 0.898532
13 , 0.898532
14 , 0.898532
15 , 0.898532
16 , 0.898532
17 , 0.898532
18 , 0.898532
19 , 0.898532
20 , 0.898532
21 , 0.898532
22 , 0.898532
23 , 0.898532
24 , 0.898532
25 , 0.898532
26 , 0.898532
27 , 0.898532
28 , 0.898532
29 , 0.898532
30 , 0.898532
31 , 0.898532
32 , 0.898532
33 , 0.898532
34 , 0.898532
35 , 0.898532
36 , 0.898532
37 , 0.898532
38 , 0.898532
39 , 0.898532
40 , 0.898532
41 , 0.898532
42 , 0.898532
43 , 0.898532
44 , 0.898532
45 , 0.898532
46 , 0.898532
47 , 0.898532
48 , 0.898532
49 , 0.898532
50 , 0.898532
51 , 0.898532
52 , 0.898532
53 , 0.898532
54 , 0.898532
55 , 0.898532
56 , 0.898532
57 , 0.898532
58 , 0.898532
59 , 0.898532
60 , 0.898532
61 , 0.898532
62 , 0.898532
63 , 0.898532
64 , 0.898532
65 , 0.898532
66 , 0.898532
67 , 0.898532
68 , 0.898532
69 , 0.898532
70 , 0.898532
71 , 0.898532
72 , 0.898532
73 , 0.898532
74 , 0.898532
75 , 0.898532
76 , 0.898532
77 , 0.898532
78 , 0.898532
79 , 0.898532
80 , 0.898532
81 , 0.898532
82 , 0.898532
83 , 0.898532
84 , 0.898532
85 , 0.898532
86 , 0.898532
87 , 0.898532
88 , 0.898532
89 , 0.898532
90 , 0.898532
91 , 0.898532
92 , 0.898532
93 , 0.898532
94 , 0.898532
95 , 0.898532
96 , 0.898532
97 , 0.898532
98 , 0.898532
99 , 0.898532
100 , 0.898532
101 , 0.898532
102 , 0.898532
103 , 0.898532
104 , 0.898532
105 , 0.898532
106 , 0.898532
107 , 0.898532
108 , 0.898532
109 , 0.898532
110 , 0.898532
111 , 0.898532
112 , 0.898532
113 , 0.898532
114 , 0.898532
115 , 0.898532
116 , 0.898532
117 , 0.898532
118 , 0.898532
119 , 0.898532
120 , 0.898532
121 , 0.898532
122 , 0.898532
123 , 0.898532
124 , 0.898532
125 , 0.898532
126 , 0.898532
127 , 0.898532
128 , 0.898532
129 , 0.898532
130 , 0.898532
131 , 0.898532
132 , 0.898532
133 , 0.898532
134 , 0.898532
135 , 0.898532
136 , 0.898532
137 , 0.898532
138 , 0.898532
139 , 0.898532
140 , 0.898532
141 , 0.898532
142 , 0.898532
143 , 0.898532
144 , 0.898532
145 , 0.898532
146 , 0.898532
147 , 0.898532
148 , 0.898532
149 , 0.898532
150 , 0.898532
151 , 0.898532
152 , 0.898532
153 , 0.898532
154 , 0.898532
155 , 0.898532
156 , 0.898532
157 , 0.898532
158 , 0.898532
159 , 0.898532
160 , 0.898532
161 , 0.898532
162 , 0.898532
163 , 0.898532
164 , 0.898532
165 , 0.898532
166 , 0.898532
167 , 0.898532
168 , 0.898532
169 , 0.898532
170 , 0.898532
171 , 0.898532
172 , 0.898532
173 , 0.898532
174 , 0.898532
175 , 0.898532
176 , 0.898532
177 , 0.898532
178 , 0.898532
179 , 0.898532
180 , 0.898532
181 , 0.898532
182 , 0.898532
183 , 0.898532
184 , 0.898532
185 , 0.898532
186 , 0.898532
187 , 0.898532
188 , 0.898532
189 , 0.898532
190 , 0.898532
191 , 0.898532
192 , 0.898532
193 , 0.898532
194 , 0.898532
195 , 0.898532
196 , 0.898532
197 , 0.898532
198 , 0.898532
199 , 0.898532
200 , 0.898532
201 , 0.898532
202 , 0.898532
203 , 0.898532
204 , 0.898532
205 , 0.898532
206 , 0.898532
207 , 0.898532
208 , 0.898532
209 , 0.898532
210 , 0.898532
211 , 0.898532
212 , 0.898532
213 , 0.898532
214 , 0.898532
215 , 0.898532
216 , 0.898532
217 , 0.898532
218 , 0.898532
219 , 0.898532
220 , 0.898532
221 , 0.898532
222 , 0.898532
223 , 0.898532
224 , 0.898532
225 , 0.898532
226 , 0.898532
227 , 0.898532
228 , 0.898532
229 , 0.898532
230 , 0.898532
231 , 0.898532
232 , 0.898532
233 , 0.898532
234 , 0.898532
235 , 0.898532
236 , 0.898532
237 , 0.898532
238 , 0.898532
239 , 0.898532
240 , 0.898532
241 , 0.898532
242 , 0.898532
243 , 0.898532
244 , 0.898532
245 , 0.898532
246 , 0.898532
247 , 0.898532
248 , 0.898532
249 , 0.898532
250 , 0.898532
251 , 0.898532
252 , 0.898532
253 , 0.898532
254 , 0.898532
255 , 0.898532
256 , 0.898532
257 , 0.898532
258 , 0.898532
259 , 0.898532
260 , 0.898532
261 , 0.898532
262 , 0.898532
263 , 0.898532
264 , 0.898532
265 , 0.898532
266 , 0.898532
267 , 0.898532
268 , 0.898532
269 , 0.898532
270 , 0.898532
271 , 0.898532
272 , 0.898532
273 , 0.898532
274 , 0.898532
275 , 0.898532
276 , 0.898532
277 , 0.898532
278 , 0.898532
279 , 0.898532
280 , 0.898532
281 , 0.898532
282 , 0.898532
283 , 0.898532
284 , 0.898532
285 , 0.898532
286 , 0.898532
287 , 0.898532
288 , 0.898532
289 , 0.898532
290 , 0.898532
291 , 0.898532
292 , 0.898532
293 , 0.898532
294 , 0.898532
295 , 0.898532
296 , 0.898532
297 , 0.898532
298 , 0.898532
299 , 0.898532
300 , 0.898532
301 , 0.898532
302 , 0.898532
303 , 0.898532
304 , 0.898532
305 , 0.898532
306 , 0.898532
307 , 0.898532
308 , 0.898532
309 , 0.898532
310 , 0.898532
311 , 0.898532
312 , 0.898532
313 , 0.898532
314 , 0.898532
315 , 0.898532
316 , 0.898532
317 , 0.898532
318 , 0.898532
319 , 0.898532
320 , 0.898532
321 , 0.898532
322 , 0.898532
323 , 0.898532
324 , 0.898532
325 , 0.898532
326 , 0.898532
327 , 0.898532
328 , 0.898532
329 , 0.898532
330 , 0.898532
331 , 0.898532
332 , 0.898532
333 , 0.898532
334 , 0.898532
335 , 0.898532
336 , 0.898532
337 , 0.898532
338 , 0.898532
339 , 0.898532
340 , 0.898532
341 , 0.898532
342 , 0.898532
343 , 0.898532
344 , 0.898532
345 , 0.898532
346 , 0.898532
347 , 0.898532
348 , 0.898532
349 , 0.898532
350 , 0.898532
351 , 0.898532
352 , 0.898532
353 , 0.898532
354 , 0.898532
355 , 0.898532
356 , 0.898532
357 , 0.898532
358 , 0.898532
359 , 0.898532
360 , 0.898532
361 , 0.898532
362 , 0.898532
363 , 0.898532
364 , 0.898532
365 , 0.898532
366 , 0.898532
367 , 0.898532
368 , 0.898532
369 , 0.898532
370 , 0.898532
371 , 0.898532
372 , 0.898532
373 , 0.898532
374 , 0.898532
375 , 0.898532
376 , 0.898532
377 , 0.898532
378 , 0.898532
379 , 0.898532
380 , 0.898532
381 , 0.898532
382 , 0.898532
383 , 0.898532
384 , 0.898532
385 , 0.898532
386 , 0.898532
387 , 0.898532
388 , 0.898532
389 , 0.898532
390 , 0.898532
391 , 0.898532
392 , 0.898532
393 , 0.898532
394 , 0.898532
395 , 0.898532
396 , 0.898532
397 , 0.898532
398 , 0.898532
399 , 0.898532
400 , 0.898532
401 , 0.898532
402 , 0.898532
403 , 0.898532
404 , 0.898532
405 , 0.898532
406 , 0.898532
407 , 0.898532
408 , 0.898532
409 , 0.898532
410 , 0.898532
411 , 0.898532
412 , 0.898532
413 , 0.898532
414 , 0.898532
415 , 0.898532
416 , 0.898532
417 , 0.898532
418 , 0.898532
419 , 0.898532
420 , 0.898532
421 , 0.898532
422 , 0.898532
423 , 0.898532
424 , 0.898532
425 , 0.898532
426 , 0.898532
427 , 0.898532
428 , 0.898532
429 , 0.898532
430 , 0.898532
431 , 0.898532
432 , 0.898532
433 , 0.898532
434 , 0.898532
435 , 0.898532
436 , 0.898532
437 , 0.898532
438 , 0.898532
439 , 0.898532
440 , 0.898532
441 , 0.898532
442 , 0.898532
443 , 0.898532
444 , 0.898532
445 , 0.898532
446 , 0.898532
447 , 0.898532
448 , 0.898532
449 , 0.898532
450 , 0.898532
451 , 0.898532
452 , 0.898532
453 , 0.898532
454 , 0.898532
455 , 0.898532
456 , 0.898532
457 , 0.898532
458 , 0.898532
459 , 0.898532
460 , 0.898532
461 , 0.898532
462 , 0.898532
463 , 0.898532
464 , 0.898532
465 , 0.898532
466 , 0.898532
467 , 0.898532
468 , 0.898532
469 , 0.898532
470 , 0.898532
471 , 0.898532
472 , 0.898532
473 , 0.898532
474 , 0.898532
475 , 0.898532
476 , 0.898532
477 , 0.898532
478 , 0.898532
479 , 0.898532
480 , 0.898532
481 , 0.898532
482 , 0.898532
483 , 0.898532
484 , 0.898532
485 , 0.898532
486 , 0.898532
487 , 0.898532
488 , 0.898532
489 , 0.898532
490 , 0.898532
491 , 0.898532
492 , 0.898532
493 , 0.898532
494 , 0.898532
495 , 0.898532
496 , 0.898532
497 , 0.898532
498 , 0.898532
499 , 0.898532
500 , 0.898532
501 , 0.898532
502 , 0.898532
503 , 0.898532
504 , 0.898532
505 , 0.898532
506 , 0.898532
507 , 0.898532
508 , 0.898532
509 , 0.898532
510 , 0.898532
511 , 0.898532
512 , 0.898532
513 , 0.898532
514 , 0.898532
515 , 0.898532
516 , 0.898532
517 , 0.898532
518 , 0.898532
519 , 0.898532
520 , 0.898532
521 , 0.898532
522 , 0.898532
523 , 0.898532
524 , 0.898532
525 , 0.898532
526 , 0.898532
527 , 0.898532
528 , 0.898532
529 , 0.898532
530 , 0.898532
531 , 0.898532
532 , 0.898532
533 , 0.898532
534 , 0.898532
535 , 0.898532
536 , 0.898532
537 , 0.898532
538 , 0.898532
539 , 0.898532
540 , 0.898532
541 , 0.898532
542 , 0.898532
543 , 0.898532
544 , 0.898532
545 , 0.898532
546 , 0.898532
547 , 0.898532
548 , 0.898532
549 , 0.898532
550 , 0.898532
551 , 0.898532
552 , 0.898532
553 , 0.898532
554 , 0.898532
555 , 0.898532
556 , 0.898532
557 , 0.898532
558 , 0.898532
559 , 0.898532
560 , 0.898532
561 , 0.898532
562 , 0.898532
563 , 0.898532
564 , 0.898532
565 , 0.898532
566 , 0.898532
567 , 0.898532
568 , 0.898532
569 , 0.898532
570 , 0.898532
571 , 0.898532
572 , 0.898532
573 , 0.898532
574 , 0.898532
575 , 0.898532
576 , 0.898532
577 , 0.898532
578 , 0.898532
579 , 0.898532
580 , 0.898532
581 , 0.898532
582 , 0.898532
583 , 0.898532
584 , 0.898532
585 , 0.898532
586 , 0.898532
587 , 0.898532
588 , 0.898532
589 , 0.898532
590 , 0.898532
591 , 0.898532
592 , 0.898532
593 , 0.898532
594 , 0.898532
595 , 0.898532
596 , 0.898532
597 , 0.898532
598 , 0.898532
599 , 0.898532
600 , 0.898532
601 , 0.898532
602 , 0.898532
603 , 0.898532
604 , 0.898532
605 , 0.898532
606 , 0.898532
607 , 0.898532
608 , 0.898532
609 , 0.898532
610 , 0.898532
611 , 0.898532
612 , 0.898532
613 , 0.898532
614 , 0.898532
615 , 0.898532
616 , 0.898532
617 , 0.898532
618 , 0.898532
619 , 0.898532
620 , 0.898532
621 , 0.898532
622 , 0.898532
623 , 0.898532
624 , 0.898532
625 , 0.898532
626 , 0.898532
627 , 0.898532
628 , 0.898532
629 , 0.898532
630 , 0.898532
631 , 0.898532
632 , 0.898532
633 , 0.898532
634 , 0.898532
635 , 0.898532
636 , 0.898532
637 , 0.898532
638 , 0.898532
639 , 0.898532
640 , 0.898532
641 , 0.898532
642 , 0.898532
643 , 0.898532
644 , 0.898532
645 , 0.898532
646 , 0.898532
647 , 0.898532
648 , 0.898532
649 , 0.898532
650 , 0.898532
651 , 0.898532
652 , 0.898532
653 , 0.898532
654 , 0.898532
655 , 0.898532
656 , 0.898532
657 , 0.898532
658 , 0.898532
659 , 0.898532
660 , 0.898532
661 , 0.898532
662 , 0.898532
663 , 0.898532
664 , 0.898532
665 , 0.898532
666 , 0.898532
667 , 0.898532
668 , 0.898532
669 , 0.898532
670 , 0.898532
671 , 0.898532
672 , 0.898532
673 , 0.898532
674 , 0.898532
675 , 0.898532
676 , 0.898532
677 , 0.898532
678 , 0.898532
679 , 0.898532
680 , 0.898532
681 , 0.898532
682 , 0.898532
683 , 0.898532
684 , 0.898532
685 , 0.898532
686 , 0.898532
687 , 0.898532
688 , 0.898532
689 , 0.898532
690 , 0.898532
691 , 0.898532
692 , 0.898532
693 , 0.898532
694 , 0.898532
695 , 0.898532
696 , 0.898532
697 , 0.898532
698 , 0.898532
699 , 0.898532
700 , 0.898532
701 , 0.898532
702 , 0.898532
703 , 0.898532
704 , 0.898532
705 , 0.898532
706 , 0.898532
707 , 0.898532
708 , 0.898532
709 , 0.898532
710 , 0.898532
711 , 0.898532
712 , 0.898532
713 , 0.898532
714 , 0.898532
715 , 0.898532
716 , 0.898532
717 , 0.898532
718 , 0.898532
719 , 0.898532
720 , 0.898532
721 , 0.898532
722 , 0.898532
723 , 0.898532
724 , 0.898532
725 , 0.898532
726 , 0.898532
727 , 0.898532
728 , 0.898532
729 , 0.898532
730 , 0.898532
731 , 0.898532
732 , 0.898532
733 , 0.898532
734 , 0.898532
735 , 0.898532
736 , 0.898532
737 , 0.898532
738 , 0.898532
739 , 0.898532
740 , 0.898532
741 , 0.898532
742 , 0.898532
743 , 0.898532
744 , 0.898532
745 , 0.898532
746 , 0.898532
747 , 0.898532
748 , 0.898532
749 , 0.898532
750 , 0.898532
751 , 0.898532
752 , 0.898532
753 , 0.898532
754 , 0.898532
755 , 0.898532
756 , 0.898532
757 , 0.898532
758 , 0.898532
759 , 0.898532
760 , 0.898532
761 , 0.898532
762 , 0.898532
763 , 0.898532
764 , 0.898532
765 , 0.898532
766 , 0.898532
767 , 0.898532
768 , 0.898532
769 , 0.898532
770 , 0.898532
771 , 0.898532
772 , 0.898532
773 , 0.898532
774 , 0.898532
775 , 0.898532
776 , 0.898532
777 , 0.898532
778 , 0.898532
779 , 0.898532
780 , 0.898532
781 , 0.898532
782 , 0.898532
783 , 0.898532
784 , 0.898532
785 , 0.898532
786 , 0.898532
787 , 0.898532
788 , 0.898532
789 , 0.898532
790 , 0.898532
791 , 0.898532
792 , 0.898532
793 , 0.898532
794 , 0.898532
795 , 0.898532
796 , 0.898532
797 , 0.898532
798 , 0.898532
799 , 0.898532
800 , 0.898532
801 , 0.898532
802 , 0.898532
803 , 0.898532
804 , 0.898532
805 , 0.898532
806 , 0.898532
807 , 0.898532
808 , 0.898532
809 , 0.898532
810 , 0.898532
811 , 0.898532
812 , 0.898532
813 , 0.898532
814 , 0.898532
815 , 0.898532
816 , 0.898532
817 , 0.898532
818 , 0.898532
819 , 0.898532
820 , 0.898532
821 , 0.898532
822 , 0.898532
823 , 0.898532
824 , 0.898532
825 , 0.898532
826 , 0.898532
827 , 0.898532
828 , 0.898532
829 , 0.898532
830 , 0.898532
831 , 0.898532
832 , 0.898532
833 , 0.898532
834 , 0.898532
835 , 0.898532
836 , 0.898532
837 , 0.898532
838 , 0.898532
839 , 0.898532
840 , 0.898532
841 , 0.898532
842 , 0.898532
843 , 0.898532
844 , 0.898532
845 , 0.898532
846 , 0.898532
847 , 0.898532
848 , 0.898532
849 , 0.898532
850 , 0.898532
851 , 0.898532
852 , 0.898532
853 , 0.898532
854 , 0.898532
855 , 0.898532
856 , 0.898532
857 , 0.898532
858 , 0.898532
859 , 0.898532
860 , 0.898532
861 , 0.898532
862 , 0.898532
863 , 0.898532
864 , 0.898532
865 , 0.898532
866 , 0.898532
867 , 0.898532
868 , 0.898532
869 , 0.898532
870 , 0.898532
871 , 0.898532
872 , 0.898532
873 , 0.898532
874 , 0.898532
875 , 0.898532
876 , 0.898532
877 , 0.898532
878 , 0.898532
879 , 0.898532
880 , 0.898532
881 , 0.898532
882 , 0.898532
883 , 0.898532
884 , 0.898532
885 , 0.898532
886 , 0.898532
887 , 0.898532
888 , 0.898532
889 , 0.898532
890 , 0.898532
891 , 0.898532
892 , 0.898532
893 , 0.898532
894 , 0.898532
895 , 0.898532
896 , 0.898532
897 , 0.898532
898 , 0.898532
899 , 0.898532
900 , 0.898532
901 , 0.898532
902 , 0.898532
903 , 0.898532
904 , 0.898532
905 , 0.898532
906 , 0.898532
907 , 0.898532
908 , 0.898532
909 , 0.898532
910 , 0.898532
911 , 0.898532
912 , 0.898532
913 , 0.898532
914 , 0.898532
915 , 0.898532
916 , 0.898532
917 , 0.898532
918 , 0.898532
919 , 0.898532
920 , 0.898532
921 , 0.898532
922 , 0.898532
923 , 0.898532
924 , 0.898532
925 , 0.898532
926 , 0.898532
927 , 0.898532
928 , 0.898532
929 , 0.898532
930 , 0.898532
931 , 0.898532
932 , 0.898532
933 , 0.898532
934 , 0.898532
935 , 0.898532
936 , 0.898532
937 , 0.898532
938 , 0.898532
939 , 0.898532
940 , 0.898532
941 , 0.898532
942 , 0.898532
943 , 0.898532
944 , 0.898532
945 , 0.898532
946 , 0.898532
947 , 0.898532
948 , 0.898532
949 , 0.898532
950 , 0.898532
951 , 0.898532
952 , 0.898532
953 , 0.898532
954 , 0.898532
955 , 0.898532
956 , 0.898532
957 , 0.898532
958 , 0.898532
959 , 0.898532
960 , 0.898532
961 , 0.898532
962 , 0.898532
963 , 0.898532
964 , 0.898532
965 , 0.898532
966 , 0.898532
967 , 0.898532
968 , 0.898532
969 , 0.898532
970 , 0.898532
971 , 0.898532
972 , 0.898532
973 , 0.898532
974 , 0.898532
975 , 0.898532
976 , 0.898532
977 , 0.898532
978 , 0.898532
979 , 0.898532
980 , 0.898532
981 , 0.898532
982 , 0.898532
983 , 0.898532
984 , 0.898532
985 , 0.898532
986 , 0.898532
987 , 0.898532
988 , 0.898532
989 , 0.898532
990 , 0.898532
991 , 0.898532
992 , 0.898532
993 , 0.898532
994 , 0.898532
995 , 0.898532
996 , 0.898532
997 , 0.898532
998 , 0.898532
999 , 0.898532
