0,0
0.999996,0.0026617
0.0381518,0.00714062

0,0
0.999986,0.00532337
0.0542614,0.013423

0,0
0.999968,0.00798502
0.0680786,0.0191535

0,0
0.999943,0.0106466
0.0805126,0.0244987

0,0
0.999911,0.0133081
0.0919855,0.0295529

0,0
0.999872,0.0159695
0.102736,0.0343757

0,0
0.999826,0.0186308
0.112917,0.039008

0,0
0.999773,0.021292
0.12263,0.0434792

0,0
0.999713,0.023953
0.131952,0.0478115

0,0
0.999646,0.0266139
0.140937,0.0520222

0,0
0.999571,0.0292745
0.149631,0.0561251

0,0
0.99949,0.031935
0.158067,0.0601313

0,0
0.999401,0.0345952
0.166274,0.0640503

0,0
0.999306,0.0372552
0.174274,0.0678897

0,0
0.999203,0.0399149
0.182087,0.0716562

0,0
0.999093,0.0425743
0.189729,0.0753556

0,0
0.998976,0.0452335
0.197216,0.0789927

0,0
0.998853,0.0478923
0.204558,0.0825721

0,0
0.998721,0.0505507
0.211766,0.0860974

0,0
0.998583,0.0532089
0.21885,0.0895722

0,0
0.998438,0.0558666
0.225818,0.0929994

0,0
0.998286,0.0585239
0.232677,0.0963818

0,0
0.998127,0.0611809
0.239434,0.0997218

0,0
0.99796,0.0638374
0.246095,0.103022

0,0
0.997787,0.0664934
0.252665,0.106284

0,0
0.997606,0.069149
0.25915,0.109509

0,0
0.997419,0.0718041
0.265552,0.1127

0,0
0.997224,0.0744586
0.271878,0.115858

0,0
0.997022,0.0771127
0.278129,0.118985

0,0
0.996814,0.0797662
0.284311,0.122082

0,0
0.996598,0.0824191
0.290425,0.125149

0,0
0.996375,0.0850715
0.296474,0.128189

0,0
0.996145,0.0877232
0.302463,0.131202

0,0
0.995908,0.0903743
0.308392,0.134189

0,0
0.995664,0.0930248
0.314264,0.137152

0,0
0.995413,0.0956746
0.320082,0.140091

0,0
0.995154,0.0983238
0.325848,0.143006

0,0
0.994889,0.100972
0.331563,0.1459

0,0
0.994617,0.10362
0.337229,0.148772

0,0
0.994338,0.106267
0.342848,0.151623

0,0
0.994051,0.108913
0.348422,0.154454

0,0
0.993758,0.111559
0.353952,0.157265

0,0
0.993457,0.114203
0.359439,0.160057

0,0
0.99315,0.116847
0.364885,0.162831

0,0
0.992835,0.11949
0.370291,0.165587

0,0
0.992514,0.122133
0.375659,0.168325

0,0
0.992185,0.124774
0.380989,0.171046

0,0
0.99185,0.127414
0.386282,0.173751

0,0
0.991507,0.130054
0.39154,0.17644

0,0
0.991157,0.132692
0.396764,0.179114

0,0
0.990801,0.13533
0.401954,0.181772

0,0
0.990437,0.137967
0.407111,0.184415

0,0
0.990066,0.140603
0.412237,0.187043

0,0
0.989688,0.143237
0.417332,0.189658

0,0
0.989304,0.145871
0.422396,0.192258

0,0
0.988912,0.148504
0.427432,0.194846

0,0
0.988513,0.151136
0.432438,0.197419

0,0
0.988107,0.153766
0.437417,0.19998

0,0
0.987694,0.156396
0.442368,0.202529

0,0
0.987275,0.159024
0.447293,0.205065

0,0
0.986848,0.161651
0.452192,0.207589

0,0
0.986414,0.164277
0.457065,0.210101

0,0
0.985973,0.166902
0.461913,0.212601

0,0
0.985526,0.169526
0.466737,0.21509

0,0
0.985071,0.172149
0.471538,0.217568

0,0
0.984609,0.17477
0.476314,0.220035

0,0
0.984141,0.17739
0.481069,0.222492

0,0
0.983665,0.180009
0.4858,0.224937

0,0
0.983182,0.182627
0.49051,0.227373

0,0
0.982693,0.185243
0.495199,0.229798

0,0
0.982196,0.187858
0.499866,0.232214

0,0
0.981693,0.190471
0.504513,0.234619

0,0
0.981182,0.193084
0.50914,0.237015

0,0
0.980665,0.195695
0.513747,0.239402

0,0
0.980141,0.198304
0.518334,0.241779

0,0
0.979609,0.200912
0.522903,0.244147

0,0
0.979071,0.203519
0.527453,0.246507

0,0
0.978526,0.206124
0.531984,0.248857

0,0
0.977974,0.208728
0.536498,0.251199

0,0
0.977415,0.21133
0.540993,0.253532

0,0
0.976849,0.213931
0.545472,0.255857

0,0
0.976276,0.216531
0.549933,0.258174

0,0
0.975696,0.219128
0.554378,0.260483

0,0
0.975109,0.221725
0.558806,0.262783

0,0
0.974516,0.224319
0.563218,0.265076

0,0
0.973915,0.226912
0.567615,0.267361

0,0
0.973308,0.229504
0.571995,0.269638

0,0
0.972693,0.232094
0.576361,0.271908

0,0
0.972072,0.234682
0.580711,0.27417

0,0
0.971444,0.237268
0.585046,0.276425

0,0
0.970809,0.239853
0.589367,0.278673

0,0
0.970167,0.242436
0.593673,0.280914

0,0
0.969519,0.245018
0.597966,0.283147

0,0
0.968863,0.247598
0.602244,0.285374

0,0
0.968201,0.250175
0.606509,0.287594

0,0
0.967531,0.252752
0.610761,0.289807

0,0
0.966855,0.255326
0.614999,0.292014

0,0
0.966172,0.257899
0.619224,0.294214

0,0
0.965482,0.260469
0.623437,0.296407

0,0
0.964785,0.263038
0.627636,0.298594

0,0
0.964082,0.265605
0.631824,0.300775

0,0
0.963371,0.26817
0.635999,0.30295

0,0
0.962654,0.270734
0.640163,0.305118

0,0
0.96193,0.273295
0.644314,0.30728

0,0
0.961199,0.275854
0.648454,0.309437

0,0
0.960462,0.278412
0.652583,0.311587

0,0
0.959717,0.280967
0.6567,0.313731

0,0
0.958966,0.283521
0.660807,0.31587

0,0
0.958208,0.286072
0.664902,0.318003

0,0
0.957443,0.288622
0.668987,0.32013

0,0
0.956672,0.291169
0.673062,0.322252

0,0
0.955893,0.293714
0.677126,0.324368

0,0
0.955108,0.296258
0.68118,0.326478

0,0
0.954316,0.298799
0.685224,0.328583

0,0
0.953517,0.301338
0.689258,0.330683

0,0
0.952712,0.303875
0.693283,0.332778

0,0
0.9519,0.30641
0.697298,0.334867

0,0
0.951081,0.308942
0.701304,0.336951

0,0
0.950255,0.311473
0.705301,0.339029

0,0
0.949423,0.314001
0.709289,0.341103

0,0
0.948584,0.316527
0.713268,0.343171

0,0
0.947738,0.31905
0.717238,0.345235

0,0
0.946885,0.321572
0.721201,0.347293

0,0
0.946026,0.324091
0.725155,0.349347

0,0
0.94516,0.326608
0.729101,0.351396

0,0
0.944287,0.329123
0.733039,0.35344

0,0
0.943408,0.331635
0.73697,0.355479

0,0
0.942522,0.334145
0.740893,0.357513

0,0
0.941629,0.336652
0.744808,0.359542

0,0
0.94073,0.339157
0.748717,0.361567

0,0
0.939824,0.34166
0.752619,0.363587

0,0
0.938911,0.34416
0.756515,0.365603

0,0
0.937991,0.346658
0.760403,0.367614

0,0
0.937065,0.349154
0.764286,0.36962

0,0
0.936133,0.351647
0.768163,0.371621

0,0
0.935194,0.354137
0.772034,0.373619

0,0
0.934248,0.356625
0.7759,0.375611

0,0
0.933295,0.35911
0.779761,0.377599

0,0
0.932336,0.361593
0.783616,0.379583

0,0
0.93137,0.364074
0.787468,0.381562

0,0
0.930398,0.366551
0.791315,0.383536

0,0
0.929419,0.369027
0.795158,0.385506

0,0
0.928433,0.371499
0.798998,0.387472

0,0
0.927441,0.373969
0.802835,0.389433

0,0
0.926443,0.376436
0.806669,0.39139

0,0
0.925437,0.378901
0.810502,0.393342

0,0
0.924426,0.381363
0.814333,0.395289

0,0
0.923407,0.383822
0.818163,0.397232

0,0
0.922382,0.386278
0.821994,0.39917

0,0
0.921351,0.388732
0.825825,0.401103

0,0
0.920313,0.391183
0.829658,0.403032

0,0
0.919268,0.393631
0.833493,0.404956

0,0
0.918217,0.396077
0.837333,0.406874

0,0
0.91716,0.398519
0.841179,0.408787

0,0
0.916096,0.400959
0.845031,0.410695

0,0
0.915025,0.403396
0.848894,0.412597

0,0
0.913949,0.40583
0.852768,0.414493

0,0
0.912865,0.408261
0.856658,0.416383

0,0
0.911775,0.41069
0.860568,0.418265

0,0
0.910679,0.413115
0.864502,0.420139

0,0
0.909576,0.415538
0.868469,0.422003

0,0
0.908467,0.417957
0.872479,0.423857

0,0
0.907351,0.420374
0.876547,0.425697

0,0
0.906229,0.422787
0.880697,0.427518

0,0
0.9051,0.425198
0.884969,0.429312

0,0
0.903965,0.427605
0.889442,0.431059

0,0
0.902824,0.43001
0.894318,0.432702

0,0
0.901676,0.432412
0.900705,0.433681

0,0
0.900522,0.43481
0.897288,0.428298

0,0
0.899362,0.437205
0.892219,0.425812

0,0
0.898195,0.439598
0.887421,0.423779

0,0
0.897022,0.441987
0.882753,0.421947

0,0
0.895842,0.444373
0.878164,0.420232

0,0
0.894656,0.446756
0.873626,0.418593

0,0
0.893464,0.449135
0.869124,0.417007

0,0
0.892265,0.451512
0.864647,0.41546

0,0
0.89106,0.453885
0.860188,0.413944

0,0
0.889849,0.456255
0.855744,0.412451

0,0
0.888631,0.458622
0.85131,0.410977

0,0
0.887407,0.460986
0.846883,0.409519

0,0
0.886177,0.463346
0.842462,0.408072

0,0
0.884941,0.465703
0.838044,0.406636

0,0
0.883698,0.468057
0.833629,0.405208

0,0
0.882449,0.470408
0.829214,0.403787

0,0
0.881194,0.472755
0.8248,0.402372

0,0
0.879933,0.475099
0.820384,0.400962

0,0
0.878665,0.477439
0.815967,0.399555

0,0
0.877391,0.479776
0.811548,0.398151

0,0
0.876111,0.48211
0.807126,0.39675

0,0
0.874824,0.48444
0.802701,0.39535

0,0
0.873532,0.486767
0.798272,0.393951

0,0
0.872233,0.48909
0.793839,0.392554

0,0
0.870928,0.49141
0.789401,0.391156

0,0
0.869617,0.493727
0.784959,0.389759

0,0
0.8683,0.496039
0.780512,0.388361

0,0
0.866977,0.498349
0.776059,0.386963

0,0
0.865647,0.500655
0.7716,0.385564

0,0
0.864311,0.502957
0.767135,0.384163

0,0
0.86297,0.505256
0.762664,0.382762

0,0
0.861622,0.507551
0.758187,0.381358

0,0
0.860268,0.509843
0.753703,0.379953

0,0
0.858908,0.51213
0.749213,0.378545

0,0
0.857541,0.514415
0.744715,0.377135

0,0
0.856169,0.516695
0.74021,0.375723

0,0
0.854791,0.518973
0.735697,0.374309

0,0
0.853407,0.521246
0.731177,0.372891

0,0
0.852016,0.523516
0.726649,0.371471

0,0
0.85062,0.525782
0.722113,0.370047

0,0
0.849217,0.528044
0.717569,0.36862

0,0
0.847809,0.530302
0.713017,0.36719

0,0
0.846394,0.532557
0.708456,0.365757

0,0
0.844974,0.534808
0.703887,0.364319

0,0
0.843547,0.537055
0.699309,0.362878

0,0
0.842115,0.539298
0.694722,0.361433

0,0
0.840676,0.541538
0.690125,0.359984

0,0
0.839232,0.543774
0.68552,0.358531

0,0
0.837782,0.546006
0.680905,0.357074

0,0
0.836325,0.548234
0.67628,0.355612

0,0
0.834863,0.550458
0.671646,0.354146

0,0
0.833395,0.552678
0.667002,0.352674

0,0
0.831921,0.554894
0.662347,0.351199

0,0
0.830441,0.557106
0.657683,0.349718

0,0
0.828955,0.559315
0.653008,0.348232

0,0
0.827464,0.561519
0.648322,0.346741

0,0
0.825966,0.56372
0.643626,0.345245

0,0
0.824463,0.565916
0.638919,0.343744

0,0
0.822953,0.568109
0.634201,0.342237

0,0
0.821438,0.570297
0.629471,0.340724

0,0
0.819918,0.572482
0.62473,0.339205

0,0
0.818391,0.574662
0.619978,0.337681

0,0
0.816858,0.576838
0.615214,0.33615

0,0
0.81532,0.57901
0.610437,0.334614

0,0
0.813776,0.581178
0.605649,0.333071

0,0
0.812226,0.583342
0.600848,0.331521

0,0
0.810671,0.585502
0.596035,0.329965

0,0
0.809109,0.587658
0.591209,0.328403

0,0
0.807542,0.589809
0.58637,0.326833

0,0
0.80597,0.591957
0.581518,0.325257

0,0
0.804391,0.5941
0.576653,0.323673

0,0
0.802807,0.596239
0.571774,0.322082

0,0
0.801217,0.598374
0.566881,0.320483

0,0
0.799622,0.600504
0.561974,0.318877

0,0
0.79802,0.60263
0.557054,0.317263

0,0
0.796414,0.604752
0.552118,0.315641

0,0
0.794801,0.60687
0.547168,0.314011

0,0
0.793183,0.608983
0.542203,0.312372

0,0
0.791559,0.611092
0.537223,0.310725

0,0
0.78993,0.613197
0.532228,0.30907

0,0
0.788295,0.615297
0.527217,0.307405

0,0
0.786654,0.617394
0.52219,0.305732

0,0
0.785008,0.619485
0.517147,0.304049

0,0
0.783357,0.621572
0.512087,0.302356

0,0
0.781699,0.623655
0.50701,0.300654

0,0
0.780037,0.625734
0.501917,0.298942

0,0
0.778368,0.627808
0.496806,0.29722

0,0
0.776695,0.629877
0.491677,0.295487

0,0
0.775015,0.631942
0.486531,0.293744

0,0
0.773331,0.634003
0.481366,0.29199

0,0
0.77164,0.636059
0.476183,0.290225

0,0
0.769945,0.638111
0.47098,0.288448

0,0
0.768243,0.640158
0.465758,0.286659

0,0
0.766537,0.6422
0.460517,0.284859

0,0
0.764825,0.644238
0.455255,0.283046

0,0
0.763107,0.646272
0.449973,0.281221

0,0
0.761384,0.648301
0.44467,0.279383

0,0
0.759656,0.650325
0.439346,0.277531

0,0
0.757922,0.652345
0.434,0.275666

0,0
0.756183,0.65436
0.428632,0.273787

0,0
0.754439,0.65637
0.423241,0.271894

0,0
0.752689,0.658376
0.417827,0.269986

0,0
0.750934,0.660377
0.412389,0.268062

0,0
0.749174,0.662373
0.406928,0.266123

0,0
0.747408,0.664365
0.401441,0.264169

0,0
0.745637,0.666352
0.39593,0.262197

0,0
0.743861,0.668334
0.390393,0.260209

0,0
0.742079,0.670312
0.384829,0.258203

0,0
0.740293,0.672285
0.379239,0.25618

0,0
0.738501,0.674253
0.373621,0.254138

0,0
0.736703,0.676216
0.367975,0.252076

0,0
0.734901,0.678175
0.3623,0.249995

0,0
0.733093,0.680128
0.356595,0.247894

0,0
0.73128,0.682077
0.35086,0.245771

0,0
0.729462,0.684021
0.345093,0.243627

0,0
0.727639,0.68596
0.339295,0.241461

0,0
0.72581,0.687895
0.333464,0.239271

0,0
0.723977,0.689824
0.327599,0.237057

0,0
0.722138,0.691749
0.3217,0.234818

0,0
0.720294,0.693668
0.315765,0.232553

0,0
0.718446,0.695583
0.309794,0.230261

0,0
0.716592,0.697493
0.303785,0.227941

0,0
0.714733,0.699398
0.297737,0.225592

0,0
0.712868,0.701298
0.291649,0.223213

0,0
0.710999,0.703193
0.28552,0.220803

0,0
0.709125,0.705083
0.279349,0.21836

0,0
0.707246,0.706968
0.273134,0.215882

0,0
0.705362,0.708848
0.266873,0.213369

0,0
0.703472,0.710723
0.260566,0.210819

0,0
0.701578,0.712593
0.25421,0.208229

0,0
0.699679,0.714457
0.247804,0.205598

0,0
0.697775,0.716317
0.241346,0.202925

